
629532199271792650 1512 2 5 6 1
196693273153110016 1090 2 5 6 0
235900963108552707 884 3 4 8 1
317761782154395649 783 0 7 2 0
168554047492587520 704 3 4 8 1
645987661051592735 431 0 7 2 0
197757126611959808 380 1 6 4 1
167416077322682368 224 0 7 2 0
250414793607872512 196 0 7 2 0
264998941685317632 138 0 7 2 0
178939758800535552 122 1 6 4 1
197170121528180737 108 0 7 2 0
131242503750942720 94 0 7 2 0
235088799074484224 62 0 7 2 0
218072639015616513 48 0 7 2 0
213870558738251776 42 0 7 2 0
208735665775443968 32 0 7 2 0
443639667582304256 30 0 7 2 0
150819818080043009 28 0 7 2 0
525997999302901760 24 0 7 2 0
213040856930713600 24 0 7 2 0
491131949222592522 24 0 7 2 0
135804275690307584 22 0 7 2 0
409441822717247498 22 0 7 2 0
464303648097304578 22 0 7 2 0
748218795482677309 22 0 7 2 0
744875742952947752 22 0 7 2 0
180517831702478858 22 0 7 2 0
559581404749496349 20 0 7 2 0
387378532625547267 20 0 7 2 0
748234166172385301 20 0 7 2 0
766460777971843113 20 0 7 2 0
695811003216166934 20 0 7 2 0